15
0.000000 0.000000 0.000000 0.000000 0.000000 0.000000 0.000000 0.000000 0.000000 0.000000
0.000000 -0.015000 0.000000 0.000000 27.000000 22.000000 0.000000 0.000000 0.000000 15.000000
0.000000 -0.057000 0.000000 0.000000 -6.000000 -1.000000 0.000000 0.000000 0.000000 57.000000
0.000000 -0.057000 0.000000 0.000000 18.000000 30.000000 0.000000 0.000000 -34.000000 57.000000
0.000000 -0.057000 0.000000 0.000000 -28.000000 -44.000000 0.000000 0.000000 -52.000000 57.000000
0.000000 -0.057000 0.000000 0.000000 -3.000000 -9.000000 0.000000 0.000000 -17.000000 57.000000
0.000000 -0.057000 0.000000 0.000000 -26.000000 -50.000000 0.000000 0.000000 7.000000 57.000000
0.000000 -0.103000 0.000000 22.000000 17.000000 -50.000000 0.000000 0.000000 1.000000 103.000000
0.000000 -0.033999 0.000000 51.000000 17.000000 -30.000000 0.000000 0.000000 1.000000 334.000000
0.000000 -0.058999 0.000000 31.000000 17.000000 -50.000000 0.000000 0.000000 1.000000 299.000000
0.000000 -0.035999 0.000000 31.000000 17.000000 24.000000 0.000000 0.000000 1.000000 66.000000
0.000000 -0.007999 0.000000 31.000000 17.000000 24.000000 0.000000 0.000000 1.000000 8.000000
0.000000 -0.007999 0.000000 31.000000 -11.000000 -34.000000 0.000000 0.000000 1.000000 8.000000
0.000000 -0.007999 0.000000 17.000000 -26.000000 -18.000000 -3.000000 -3.000000 1.000000 8.000000
0.000000 -0.007999 0.000000 30.000000 2.000000 24.000000 -3.000000 -3.000000 1.000000 8.000000
